0
14
Manchot 0 50 2.5 185 29 1 0 0
Poisson 1 500 5 517 41 1 0 0
Tigre_du_Bengal 2 25 1.25 645 634 1 0 0
Serpent 3 300 2.5 212 235 1 0 0
Mesange 4 400 3 904 461 1 0 0
Feuille 5 800 10 877 217 1 0 1
Insecte 6 600 5 660 183 1 0 0
Lezard 7 150 2.2 406 309 1 0 0
Herisson 8 40 0.75 189 634 1 0 0
Buse 9 60 1.1 381 634 1 0 0
Plancton 10 900 15 796 31 1 0 0
Sanglier 11 40 0.75 620 417 1 0 0
Mulot 12 300 1.25 152 408 1 0 0
Renard 13 30 0.8 857 634 1 1 0
21
1 0
10 1
1 3
7 2
7 3
6 3
5 6
6 4
6 8
4 13
4 9
8 13
6 13
12 9
12 8
12 3
12 11
3 9
6 11
11 2
4 5
